  grille12 = [
      [7, 8, 0, 4, 0, 0, 1, 2, 0, 0, 0, "A"],
      [6, 0, 0, 0, 7, 5, 0, 0, 9, "B", 0, 0],
      [0, 0, 0, 6, 0, 1, 0, 7, 8, 0, 0, 0],
      [0, 0, 7, 0, 4, 0, 2, 6, 0, 0, 0, 0],
      [0, 0, 1, 0, 5, 0, 9, 3, 0, 0, 0, 0],
      [9, 0, 4, 0, 6, 0, 0, 0, 5, 0, 0, 0],
      [0, 7, 0, 3, 0, 0, 0, 1, 2, 0, 0, 0],
      [1, 2, 0, 0, 0, 7, 4, 0, 0, 0, 0, 0],
      [0, 4, 9, 2, 0, 6, 0, 0, 1, 0, 0, 0],
      [0, 0, 0, 0, 0, 0, 0, 0, 0, 0, 0, 0],
      [0, 5, 0, 0, 0, 0, 0, 0, 0, 0, 0, 0],
      [0, 0, 0, 0, 0, 0, 0, 12, 0, 0, 0, 0],
  ]

  grille2 = [[1, 0], [0, 0]]

  grille3 = [[1, 0, 0], [0, 0, 0], [0, 0, 0]]

  grille4ligne = [[1, 0, 0, 4], [2, 0, 0, 0]]

  grille4col = [[1, 0], [2, 0], [0, 0], [0, 0]]

  grille4 = [[1, 0, 0, 4], [2, 0, 0, 0], [0, 0, 0, 1], [0, 0, 3, 0]]

  grille6 = [[0, 0, 0, 4, 0, 0], [6, 0, 0, 0, 0, 2], [0, 0, 0, 6, 0, 1],
             [0, 0, 0, 0, 4, 0], [0, 0, 1, 0, 5, 0], [2, 0, 4, 0, 6, 0]]

  grille8rect = [[4, 0, 0, 0, 1, 0, 0, 0], 
                 [0, 0, 0, 0, 0, 2, 0, 0],
                 [0, 0, 2, 0, 5, 0, 7, 0], 
                 [7, 0, 0, 5, 0, 0, 0, 3],
                 [6, 0, 0, 0, 3, 0, 0, 1], 
                 [0, 1, 0, 3, 0, 8, 0, 0]]

  grille8 = [[4, 0, 0, 2, 1, 0, 3, 0], 
             [0, 7, 0, 0, 0, 2, 0, 0],
             [0, 0, 2, 0, 5, 0, 7, 0], 
             [7, 0, 0, 5, 0, 0, 0, 3],
             [6, 0, 0, 0, 3, 0, 0, 1], 
             [0, 1, 0, 3, 0, 8, 0, 0],
             [0, 0, 7, 0, 0, 0, 8, 0], 
             [0, 6, 0, 8, 4, 0, 0, 5]]

  grille9X = [
      [0, 0, 0, 0, 0, 0, 0, 0, 9],
      [0, 0, 9, 2, 0, 0, 0, 0, 4],
      [0, 0, 0, 9, 1, 8, 7, 0, 0],
      [0, 0, 0, 0, 0, 0, 9, 3, 0],
      [0, 0, 3, 1, 0, 9, 2, 0, 0],
      [0, 9, 0, 0, 0, 2, 0, 0, 0],
      [9, 0, 4, 8, 5, 1, 0, 0, 0],
      [5, 0, 0, 7, 2, 3, 0, 9, 0],
      [2, 0, 7, 0, 9, 0, 0, 0, 0],
  ]

  grille9 = [[7, 8, 0, 4, 0, 0, 1, 2, 0], 
            [6, 0, 0, 0, 7, 5, 0, 0, 9],
            [0, 0, 0, 6, 0, 1, 0, 7, 8], 
            [0, 0, 7, 0, 4, 0, 2, 6, 0],
            [0, 0, 1, 0, 5, 0, 9, 3, 0], 
            [9, 0, 4, 0, 6, 0, 0, 0, 5],
            [0, 7, 0, 3, 0, 0, 0, 1, 2], 
            [1, 2, 0, 0, 0, 7, 4, 0, 0],
            [0, 4, 9, 2, 0, 6, 0, 0, 7]]

  grille12 = [[7, 8, 0, 4, 0, 0, 1, 2, 0, 0, 0, 0],
              [6, 0, 0, 0, 7, 5, 0, 0, 9, 0, 0, 0],
              [0, 0, 0, 6, 0, 1, 0, 7, 8, 0, 0, 0],
              [0, 0, 7, 0, 4, 0, 2, 6, 0, 0, 0, 0],
              [0, 0, 1, 0, 5, 0, 9, 3, 0, 0, 0, 0],
              [9, 0, 4, 0, 6, 0, 0, 0, 5, 0, 0, 0],
              [0, 7, 0, 3, 0, 0, 0, 1, 2, 0, 0, 0],
              [1, 2, 0, 0, 0, 7, 4, 0, 0, 0, 0, 0],
              [0, 4, 9, 2, 0, 6, 0, 0, 7, 0, 0, 0],
              [0, 0, 0, 0, 0, 0, 0, 0, 0, 0, 0, 0],
              [0, 0, 0, 0, 0, 0, 0, 0, 0, 0, 0, 0],
              [0, 0, 0, 0, 0, 0, 0, 0, 0, 0, 0, 0]]

  grille16X = [[0, 0, 0, 13, 0, 0, 5, 0, 2, 12, 6, 4, 0, 15, 1, 0],
               [0, 0, 16, 5, 0, 12, 0, 0, 0, 0, 0, 0, 6, 11, 0, 2],
               [1, 6, 0, 0, 0, 15, 0, 16, 0, 11, 0, 0, 0, 0, 3, 13],
               [0, 9, 0, 0, 6, 1, 3, 10, 0, 15, 8, 0, 0, 7, 0, 0],
               [9, 0, 0, 0, 0, 10, 0, 2, 5, 0, 0, 0, 0, 4, 12, 0],
               [2, 0, 0, 16, 9, 0, 12, 0, 6, 0, 0, 0, 11, 8, 0, 5],
               [0, 0, 0, 3, 15, 8, 0, 0, 4, 0, 12, 2, 0, 0, 6, 0],
               [12, 4, 8, 0, 0, 0, 1, 0, 0, 9, 0, 3, 0, 16, 15, 0],
               [0, 2, 14, 0, 1, 0, 10, 0, 0, 5, 0, 0, 0, 12, 11, 4],
               [0, 3, 0, 0, 8, 7, 0, 14, 0, 0, 11, 1, 10, 0, 0, 0],
               [5, 0, 7, 8, 0, 0, 0, 13, 0, 14, 0, 10, 3, 0, 0, 15],
               [0, 16, 10, 0, 0, 0, 0, 15, 7, 0, 2, 0, 0, 0, 0, 8],
               [0, 0, 4, 0, 0, 9, 7, 0, 10, 2, 13, 5, 0, 0, 8, 0],
               [14, 13, 0, 0, 0, 0, 8, 0, 1, 0, 4, 0, 0, 0, 7, 9],
               [16, 0, 2, 11, 0, 0, 0, 0, 0, 0, 14, 0, 12, 3, 0, 0],
               [0, 10, 9, 0, 5, 13, 14, 12, 0, 6, 0, 0, 4, 0, 0, 0]]

  grille20 = [
      [1, 2, 3, 4, 5, 6, 7, 8, 9, 10, 11, 12, 13, 14, 15, 16, 17, 18, 19, 20],
      [0, 0, 0, 0, 0, 0, 0, 0, 0, 0, 0, 0, 0, 0, 0, 0, 0, 0, 0, 0],
      [0, 0, 0, 0, 0, 0, 0, 0, 0, 0, 0, 0, 0, 0, 0, 0, 0, 0, 0, 0],
      [0, 0, 0, 0, 0, 0, 0, 0, 0, 0, 0, 0, 0, 0, 0, 0, 0, 0, 0, 0],
      [0, 0, 0, 0, 0, 0, 0, 0, 0, 0, 0, 0, 0, 0, 0, 0, 0, 0, 0, 0],
      [0, 0, 0, 0, 0, 0, 0, 0, 0, 0, 0, 0, 0, 0, 0, 0, 0, 0, 0, 0],
      [0, 0, 0, 0, 0, 0, 0, 0, 0, 0, 0, 0, 0, 0, 0, 0, 0, 0, 0, 0],
      [0, 0, 0, 0, 0, 0, 0, 0, 0, 0, 0, 0, 0, 0, 0, 0, 0, 0, 0, 0],
      [0, 0, 0, 0, 0, 0, 0, 0, 0, 0, 0, 0, 0, 0, 0, 0, 0, 0, 0, 0],
      [0, 0, 0, 0, 0, 0, 0, 0, 0, 0, 0, 0, 0, 0, 0, 0, 0, 0, 0, 0],
      [0, 0, 0, 0, 0, 0, 0, 0, 0, 0, 0, 0, 0, 0, 0, 0, 0, 0, 0, 0],
      [0, 0, 0, 0, 0, 0, 0, 0, 0, 0, 0, 0, 0, 0, 0, 0, 0, 0, 0, 0],
      [0, 0, 0, 0, 0, 0, 0, 0, 0, 0, 0, 0, 0, 0, 0, 0, 0, 0, 0, 0],
      [0, 0, 0, 0, 0, 0, 0, 0, 0, 0, 0, 0, 0, 0, 0, 0, 0, 0, 0, 0],
      [0, 0, 0, 0, 0, 0, 0, 0, 0, 0, 0, 0, 0, 0, 0, 0, 0, 0, 0, 0],
      [0, 0, 0, 0, 0, 0, 0, 0, 0, 0, 0, 0, 0, 0, 0, 0, 0, 0, 0, 0],
      [0, 0, 0, 0, 0, 0, 0, 0, 0, 0, 0, 0, 0, 0, 0, 0, 0, 0, 0, 0],
      [0, 0, 0, 0, 0, 0, 0, 0, 0, 0, 0, 0, 0, 0, 0, 0, 0, 0, 0, 0],
      [0, 0, 0, 0, 0, 0, 0, 0, 0, 0, 0, 0, 0, 0, 0, 0, 0, 0, 0, 0],
      [0, 0, 0, 0, 0, 0, 0, 0, 0, 0, 0, 0, 0, 0, 0, 0, 0, 0, 0, 0]
  ]